  -10.000000000000000        4.8163158326901254E-010
  -9.9333333333333336        1.1620200148144924E-008
  -9.8666666666666671        2.0761244096120259E-007
  -9.8000000000000007        2.7526828338452777E-006
  -9.7333333333333325        2.7159394997235185E-005
  -9.6666666666666661        2.0012905708044712E-004
  -9.5999999999999996        1.1066062914038290E-003
  -9.5333333333333332        4.6211967306204766E-003
  -9.4666666666666668        1.4705046311374870E-002
  -9.4000000000000004        3.6116745118560167E-002
  -9.3333333333333339        6.9777226675546131E-002
  -9.2666666666666675       0.10901378515830140
  -9.1999999999999993       0.14301428172489516
  -9.1333333333333329       0.16490796969772090
  -9.0666666666666664       0.17536215777135175
  -9.0000000000000000       0.17952229401351766
  -8.9333333333333336       0.18172897280549363
  -8.8666666666666671       0.18266391593897818
  -8.8000000000000007       0.18204105366517115
  -8.7333333333333343       0.18218877901056874
  -8.6666666666666661       0.18499521775069322
  -8.5999999999999996       0.18758287222166534
  -8.5333333333333332       0.18624081273603399
  -8.4666666666666668       0.18302177591539043
  -8.4000000000000004       0.18380873119262600
  -8.3333333333333339       0.18971385378292874
  -8.2666666666666657       0.19439342946197993
  -8.1999999999999993       0.19241962561714643
  -8.1333333333333329       0.18643606156751624
  -8.0666666666666664       0.18359680928548544
  -8.0000000000000000       0.18828220657389377
  -7.9333333333333336       0.19762197099912288
  -7.8666666666666671       0.20296635387456696
  -7.7999999999999998       0.19912166196522058
  -7.7333333333333334       0.19046446539258832
  -7.6666666666666661       0.18546619550989241
  -7.5999999999999996       0.18897654328289709
  -7.5333333333333332       0.19931052441179861
  -7.4666666666666668       0.20908629943890347
  -7.4000000000000004       0.21107852467952862
  -7.3333333333333339       0.20461125766752705
  -7.2666666666666666       0.19483439996072940
  -7.2000000000000002       0.18852444938589946
  -7.1333333333333329       0.19162790913007899
  -7.0666666666666664       0.20450761308513851
  -7.0000000000000000       0.21788950776191188
  -6.9333333333333336       0.22125306484343726
  -6.8666666666666671       0.21506016442477341
  -6.7999999999999998       0.20671036324532790
  -6.7333333333333334       0.19941760302717115
  -6.6666666666666661       0.19469276223984081
  -6.5999999999999996       0.19868980803240713
  -6.5333333333333332       0.21439020108623777
  -6.4666666666666668       0.23135989673538451
  -6.4000000000000004       0.23494404553911885
  -6.3333333333333339       0.22495258103666860
  -6.2666666666666666       0.21399126825385753
  -6.2000000000000002       0.20859406070614972
  -6.1333333333333329       0.20552792137625808
  -6.0666666666666664       0.20578699298476572
  -6.0000000000000000       0.21643642162404106
  -5.9333333333333336       0.23575883224283858
  -5.8666666666666663       0.24943619080573409
  -5.7999999999999998       0.24673222830740074
  -5.7333333333333334       0.23309407516512870
  -5.6666666666666670       0.22159365876681619
  -5.5999999999999996       0.21707956206666426
  -5.5333333333333332       0.21624572967426098
  -5.4666666666666668       0.21999202336838028
  -5.4000000000000004       0.23373505053278687
  -5.3333333333333330       0.25387471794855526
  -5.2666666666666666       0.26647501664784073
  -5.2000000000000002       0.26339752076808243
  -5.1333333333333337       0.25064102340412481
  -5.0666666666666664       0.23891881405932644
  -5.0000000000000000       0.23261886904774773
  -4.9333333333333336       0.23057399168004827
  -4.8666666666666663       0.23437014852714530
  -4.7999999999999998       0.24916156672891671
  -4.7333333333333334       0.27255236276578482
  -4.6666666666666670       0.29018313425100861
  -4.5999999999999996       0.29062173806098679
  -4.5333333333333332       0.27838820756744737
  -4.4666666666666668       0.26591656462786212
  -4.4000000000000004       0.25908135026689044
  -4.3333333333333330       0.25574775434238750
  -4.2666666666666666       0.25583123565376842
  -4.2000000000000002       0.26694394456593823
  -4.1333333333333337       0.29387140156359237
  -4.0666666666666664       0.32453947992136883
  -4.0000000000000000       0.33805925911021079
  -3.9333333333333336       0.32894362566553426
  -3.8666666666666663       0.31271183829290405
  -3.7999999999999998       0.30491294141160596
  -3.7333333333333334       0.30421774452050926
  -3.6666666666666670       0.30348157532454684
  -3.5999999999999996       0.31098233259938368
  -3.5333333333333332       0.34489232279947690
  -3.4666666666666668       0.40296913395561051
  -3.4000000000000004       0.45391790716917729
  -3.3333333333333330       0.47174745792882461
  -3.2666666666666666       0.46685333209936591
  -3.2000000000000002       0.46588269042584368
  -3.1333333333333337       0.47152693799849688
  -3.0666666666666664       0.46650854134243885
  -3.0000000000000000       0.45022425273968364
  -2.9333333333333336       0.43971638426285919
  -2.8666666666666663       0.43423782059996469
  -2.7999999999999998       0.40994678384853406
  -2.7333333333333334       0.35650512536243822
  -2.6666666666666670       0.29623854372306035
  -2.5999999999999996       0.25760656327143472
  -2.5333333333333332       0.24419626818495985
  -2.4666666666666668       0.23926950340794964
  -2.4000000000000004       0.23232806884268387
  -2.3333333333333330       0.22932364273359970
  -2.2666666666666666       0.23542190279016567
  -2.2000000000000002       0.23936926454949153
  -2.1333333333333337       0.22547803216801582
  -2.0666666666666664       0.19542385811071294
  -2.0000000000000000       0.16676955522240486
  -1.9333333333333336       0.15248934080407886
  -1.8666666666666671       0.15061570819869935
  -1.8000000000000007       0.15167677195402718
  -1.7333333333333325       0.15002392891375765
  -1.6666666666666661       0.14718198588538803
  -1.5999999999999996       0.14550121411494460
  -1.5333333333333332       0.14175112399460413
  -1.4666666666666668       0.13120296934937928
  -1.4000000000000004       0.11580927906201732
  -1.3333333333333339       0.10238350539665751
  -1.2666666666666675        9.4017446729040735E-002
  -1.1999999999999993        8.8380562147696545E-002
  -1.1333333333333329        8.3628158903393507E-002
  -1.0666666666666664        8.1735877495383830E-002
  -1.0000000000000000        8.4339553055508998E-002
 -0.93333333333333357        8.7168645592266017E-002
 -0.86666666666666714        8.2350735185741944E-002
 -0.80000000000000071        6.7642060093286605E-002
 -0.73333333333333250        5.0438496643704991E-002
 -0.66666666666666607        3.9879774798846482E-002
 -0.59999999999999964        3.7130019781831496E-002
 -0.53333333333333321        3.7027222988746590E-002
 -0.46666666666666679        3.6656528449837203E-002
 -0.40000000000000036        3.6387307753717506E-002
 -0.33333333333333393        3.4472466380163783E-002
 -0.26666666666666750        2.7838944066304324E-002
 -0.19999999999999929        1.7600633412046707E-002
 -0.13333333333333286        8.3875466856464537E-003
  -6.6666666666666430E-002   3.0920578194393719E-003
   0.0000000000000000        1.5284219374669269E-003
   6.6666666666666430E-002   3.0920578194393719E-003
  0.13333333333333286        8.3875466856464537E-003
  0.19999999999999929        1.7600633412046707E-002
  0.26666666666666750        2.7838944066304321E-002
  0.33333333333333393        3.4472466380163790E-002
  0.40000000000000036        3.6387307753717513E-002
  0.46666666666666679        3.6656528449837210E-002
  0.53333333333333321        3.7027222988746590E-002
  0.59999999999999964        3.7130019781831496E-002
  0.66666666666666607        3.9879774798846482E-002
  0.73333333333333250        5.0438496643704991E-002
  0.80000000000000071        6.7642060093286605E-002
  0.86666666666666714        8.2350735185741944E-002
  0.93333333333333357        8.7168645592266017E-002
   1.0000000000000000        8.4339553055508998E-002
   1.0666666666666664        8.1735877495383830E-002
   1.1333333333333329        8.3628158903393507E-002
   1.1999999999999993        8.8380562147696545E-002
   1.2666666666666675        9.4017446729040735E-002
   1.3333333333333339       0.10238350539665751
   1.4000000000000004       0.11580927906201732
   1.4666666666666668       0.13120296934937928
   1.5333333333333332       0.14175112399460413
   1.5999999999999996       0.14550121411494460
   1.6666666666666661       0.14718198588538803
   1.7333333333333325       0.15002392891375765
   1.8000000000000007       0.15167677195402718
   1.8666666666666671       0.15061570819869935
   1.9333333333333336       0.15248934080407886
   2.0000000000000000       0.16676955522240486
   2.0666666666666664       0.19542385811071294
   2.1333333333333329       0.22547803216801543
   2.1999999999999993       0.23936926454949153
   2.2666666666666675       0.23542190279016556
   2.3333333333333339       0.22932364273359976
   2.4000000000000004       0.23232806884268387
   2.4666666666666668       0.23926950340794964
   2.5333333333333332       0.24419626818495985
   2.5999999999999996       0.25760656327143472
   2.6666666666666661       0.29623854372305958
   2.7333333333333325       0.35650512536243695
   2.8000000000000007       0.40994678384853450
   2.8666666666666671       0.43423782059996474
   2.9333333333333336       0.43971638426285919
   3.0000000000000000       0.45022425273968364
   3.0666666666666664       0.46650854134243885
   3.1333333333333329       0.47152693799849688
   3.1999999999999993       0.46588269042584335
   3.2666666666666675       0.46685333209936603
   3.3333333333333339       0.47174745792882450
   3.4000000000000004       0.45391790716917729
   3.4666666666666668       0.40296913395561051
   3.5333333333333332       0.34489232279947690
   3.5999999999999996       0.31098233259938368
   3.6666666666666661       0.30348157532454695
   3.7333333333333325       0.30421774452050904
   3.8000000000000007       0.30491294141160596
   3.8666666666666671       0.31271183829290444
   3.9333333333333336       0.32894362566553426
   4.0000000000000000       0.33805925911021079
   4.0666666666666664       0.32453947992136883
   4.1333333333333329       0.29387140156359287
   4.1999999999999993       0.26694394456593867
   4.2666666666666675       0.25583123565376825
   4.3333333333333339       0.25574775434238756
   4.4000000000000004       0.25908135026689044
   4.4666666666666668       0.26591656462786212
   4.5333333333333332       0.27838820756744737
   4.5999999999999996       0.29062173806098679
   4.6666666666666661       0.29018313425100872
   4.7333333333333325       0.27255236276578504
   4.8000000000000007       0.24916156672891637
   4.8666666666666671       0.23437014852714522
   4.9333333333333336       0.23057399168004827
   5.0000000000000000       0.23261886904774773
   5.0666666666666664       0.23891881405932644
   5.1333333333333329       0.25064102340412470
   5.1999999999999993       0.26339752076808221
   5.2666666666666675       0.26647501664784073
   5.3333333333333339       0.25387471794855498
   5.4000000000000004       0.23373505053278687
   5.4666666666666668       0.21999202336838028
   5.5333333333333332       0.21624572967426098
   5.5999999999999996       0.21707956206666426
   5.6666666666666661       0.22159365876681611
   5.7333333333333325       0.23309407516512848
   5.8000000000000007       0.24673222830740085
   5.8666666666666671       0.24943619080573379
   5.9333333333333336       0.23575883224283858
   6.0000000000000000       0.21643642162404106
   6.0666666666666664       0.20578699298476572
   6.1333333333333329       0.20552792137625808
   6.1999999999999993       0.20859406070614966
   6.2666666666666657       0.21399126825385745
   6.3333333333333321       0.22495258103666826
   6.3999999999999986       0.23494404553911882
   6.4666666666666650       0.23135989673538479
   6.5333333333333350       0.21439020108623733
   6.6000000000000014       0.19868980803240685
   6.6666666666666679       0.19469276223984083
   6.7333333333333343       0.19941760302717126
   6.8000000000000007       0.20671036324532807
   6.8666666666666671       0.21506016442477341
   6.9333333333333336       0.22125306484343726
   7.0000000000000000       0.21788950776191188
   7.0666666666666664       0.20450761308513851
   7.1333333333333329       0.19162790913007899
   7.1999999999999993       0.18852444938589935
   7.2666666666666657       0.19483439996072938
   7.3333333333333321       0.20461125766752689
   7.3999999999999986       0.21107852467952848
   7.4666666666666650       0.20908629943890367
   7.5333333333333350       0.19931052441179831
   7.6000000000000014       0.18897654328289706
   7.6666666666666679       0.18546619550989249
   7.7333333333333343       0.19046446539258841
   7.8000000000000007       0.19912166196522071
   7.8666666666666671       0.20296635387456696
   7.9333333333333336       0.19762197099912288
   8.0000000000000000       0.18828220657389377
   8.0666666666666664       0.18359680928548544
   8.1333333333333329       0.18643606156751624
   8.1999999999999993       0.19241962561714643
   8.2666666666666657       0.19439342946197993
   8.3333333333333321       0.18971385378292890
   8.3999999999999986       0.18380873119262603
   8.4666666666666650       0.18302177591539037
   8.5333333333333350       0.18624081273603404
   8.6000000000000014       0.18758287222166531
   8.6666666666666679       0.18499521775069314
   8.7333333333333343       0.18218877901056874
   8.8000000000000007       0.18204105366517115
   8.8666666666666671       0.18266391593897818
   8.9333333333333336       0.18172897280549363
   9.0000000000000000       0.17952229401351766
   9.0666666666666664       0.17536215777135175
   9.1333333333333329       0.16490796969772090
   9.1999999999999993       0.14301428172489516
   9.2666666666666657       0.10901378515830241
   9.3333333333333321        6.9777226675547158E-002
   9.3999999999999986        3.6116745118560924E-002
   9.4666666666666650        1.4705046311375265E-002
   9.5333333333333350        4.6211967306203196E-003
   9.6000000000000014        1.1066062914037835E-003
   9.6666666666666679        2.0012905708043720E-004
   9.7333333333333343        2.7159394997233644E-005
   9.8000000000000007        2.7526828338452777E-006
   9.8666666666666671        2.0761244096120259E-007
   9.9333333333333336        1.1620200148144924E-008
   10.000000000000000        4.8163158326901254E-010
