      0.00000000
      0.00000000      0.92426414
    -52.00000000     22.00000000
      76       1      29
    0.000000     -9.643719     -9.633687     -9.633687     -7.398320     -7.398320     -7.398230     -6.945822     -6.945822     -6.935900     -5.521614
               -5.521614     -5.519396     -5.482396     -5.477031     -5.477031     -5.451354     -5.451354     -5.448214     -4.101150     -4.100997
               -4.100997     -4.058803     -4.058803     -4.058789     -3.248908     -3.248908     -3.246680     -2.938975     -2.938975     -2.934887
               -2.194449     -2.194449     -2.180504     -2.122086     -2.122086     -2.109907     -0.000411     -0.000411     -0.000299     -0.000299
                2.296217      2.298175      2.311996      2.311996      2.313940      2.313940      2.833128      2.833128      2.833205      3.038375
                3.038375      3.038464      4.731189      4.731217      4.731217      4.757912      4.758727      4.758727      4.759052      4.759771
                4.759771      4.908245      4.908272      4.908272      6.427293      6.427415      6.427415      6.429638      6.429745      6.429745
                8.269972      8.276941      8.276941      8.303230      8.303230      8.310408
    0.032553     -9.767484     -9.567242     -9.560379     -7.507581     -7.507533     -7.168900     -7.024873     -6.899566     -6.892543     -5.754174
               -5.714745     -5.531634     -5.531515     -5.454945     -5.454925     -5.310796     -5.295722     -5.280843     -4.273839     -4.235501
               -4.053241     -4.053226     -3.926502     -3.926387     -3.297961     -3.296726     -3.195564     -2.990846     -2.988658     -2.824732
               -2.299639     -2.296822     -2.124924     -2.122881     -2.078383     -2.015854     -0.203083     -0.202928      0.203675      0.203749
                2.159158      2.161279      2.298221      2.298350      2.475755      2.475881      2.793496      2.847668      2.847695      2.984839
                3.083845      3.083889      4.581648      4.581742      4.604112      4.604120      4.718275      4.718279      4.830936      4.830952
                4.935193      4.970160      4.971408      5.102610      6.232818      6.235835      6.519212      6.519265      6.522388      6.522431
                8.213839      8.224504      8.233946      8.246416      8.397682      8.397828
    0.065107     -9.887461     -9.483480     -9.476228     -7.608088     -7.608050     -7.100025     -6.935556     -6.846128     -6.839027     -5.987243
               -5.951817     -5.600253     -5.600204     -5.402635     -5.402634     -5.138511     -5.094902     -5.088748     -4.444725     -4.409916
               -4.016199     -4.016195     -3.774421     -3.774270     -3.375800     -3.374962     -3.178952     -3.018398     -3.016819     -2.742582
               -2.423351     -2.422114     -2.111312     -2.110746     -1.987458     -1.935065     -0.404368     -0.404122      0.409806      0.409859
                2.034868      2.037163      2.295478      2.295547      2.638917      2.639000      2.782837      2.842481      2.842483      2.957893
                3.148776      3.148806      4.400314      4.400420      4.445871      4.445880      4.672646      4.672648      4.773803      4.773816
                5.138565      5.178978      5.180371      5.296437      6.034164      6.038031      6.603186      6.603219      6.607883      6.607906
                8.143728      8.156959      8.165661      8.179162      8.494577      8.494626
    0.097660     -9.996890     -9.389074     -9.381420     -7.699641     -7.699611     -7.168206     -6.786378     -6.778396     -6.698081     -6.218473
               -6.186549     -5.662854     -5.662821     -5.344256     -5.344255     -4.969245     -4.889196     -4.885225     -4.613072     -4.581438
               -3.975766     -3.975765     -3.617147     -3.616960     -3.475530     -3.475024     -3.198194     -3.028016     -3.026948     -2.693014
               -2.542609     -2.541997     -2.100918     -2.100806     -1.922722     -1.880499     -0.602459     -0.602061      0.617514      0.617554
                1.938014      1.940459      2.299188      2.299236      2.794181      2.794382      2.801480      2.828610      2.828758      2.958695
                3.224734      3.224754      4.215308      4.215437      4.274509      4.274518      4.622283      4.622284      4.719274      4.719285
                5.340387      5.384359      5.385894      5.488886      5.831971      5.836891      6.679571      6.679595      6.685583      6.685597
                8.064606      8.080170      8.088131      8.103125      8.583135      8.583162
    0.130213    -10.095494     -9.284261     -9.276159     -7.782057     -7.782034     -7.229327     -6.718966     -6.710731     -6.458577     -6.447015
               -6.418146     -5.719018     -5.718991     -5.279610     -5.279609     -4.798425     -4.778312     -4.749531     -4.679847     -4.676669
               -3.931133     -3.931129     -3.588251     -3.587956     -3.455914     -3.455684     -3.251807     -3.028206     -3.027509     -2.676576
               -2.655156     -2.655148     -2.094497     -2.094415     -1.891507     -1.858538     -0.795014     -0.794371      0.826360      0.826390
                1.873052      1.875594      2.309014      2.309050      2.799342      2.799388      2.848704      2.953210      2.953221      2.987448
                3.306619      3.306633      4.027267      4.027426      4.095865      4.095874      4.567385      4.567386      4.661784      4.661794
                5.539821      5.585807      5.587491      5.626850      5.633067      5.679191      6.748312      6.748331      6.755317      6.755326
                7.976633      7.994571      8.001843      8.018480      8.662864      8.662882
    0.162767    -10.183042     -9.169281     -9.160674     -7.855172     -7.855154     -7.283341     -6.672151     -6.645960     -6.644778     -6.636085
               -6.216973     -5.768667     -5.768643     -5.208741     -5.208740     -4.939942     -4.913722     -4.625750     -4.467572     -4.464742
               -3.882138     -3.882125     -3.708029     -3.707864     -3.337323     -3.291319     -3.291068     -3.025253     -3.024856     -2.760799
               -2.760627     -2.691077     -2.091599     -2.091413     -1.900463     -1.875379     -0.979309     -0.978315      1.035913      1.035936
                1.843315      1.845872      2.324558      2.324586      2.770663      2.770685      2.922882      3.043408      3.101701      3.101703
                3.391841      3.391850      3.836910      3.837108      3.912091      3.912102      4.508160      4.508161      4.599523      4.599532
                5.419472      5.427290      5.736129      5.782863      5.784708      5.866661      6.809295      6.809312      6.816997      6.817002
                7.879954      7.900373      7.907012      7.925386      8.733560      8.733573
    0.195320    -10.259329     -9.044388     -9.035217     -7.918839     -7.918824     -7.330212     -6.893229     -6.869398     -6.563755     -6.554517
               -5.974222     -5.811758     -5.811736     -5.131771     -5.131770     -5.097512     -5.073589     -4.451709     -4.253123     -4.250440
               -3.832311     -3.831226     -3.828621     -3.827636     -3.451499     -3.124097     -3.123733     -3.026008     -3.025952     -2.854752
               -2.854598     -2.735349     -2.091593     -2.091325     -1.953767     -1.935059     -1.153121     -1.151712      1.245724      1.245742
                1.850250      1.852725      2.345390      2.345413      2.738078      2.738091      3.021702      3.124983      3.245240      3.245244
                3.478921      3.478926      3.645090      3.645340      3.724327      3.724340      4.444820      4.444820      4.531797      4.531806
                5.210583      5.220359      5.928644      5.975096      5.977116      6.050677      6.862394      6.862412      6.870567      6.870569
                7.774724      7.797771      7.803828      7.824014      8.795081      8.795091
    0.227873    -10.324182     -8.909860     -8.900058     -7.972930     -7.972918     -7.369912     -7.109648     -7.087908     -6.475954     -6.466095
               -5.848263     -5.848241     -5.731251     -5.250621     -5.228762     -5.048862     -5.048861     -4.277060     -4.037641     -4.035005
               -3.955875     -3.955778     -3.770163     -3.770091     -3.590969     -3.047763     -3.047523     -2.954672     -2.954225     -2.922743
               -2.922310     -2.805783     -2.094810     -2.094566     -2.049903     -2.036190     -1.316402     -1.314640      1.455281      1.455296
                1.892972      1.895271      2.371107      2.371125      2.702469      2.702478      3.142415      3.229898      3.383395      3.383395
                3.452871      3.453204      3.532102      3.532108      3.568211      3.568233      4.377575      4.377575      4.458332      4.458341
                5.001009      5.013179      6.116776      6.162087      6.164299      6.230674      6.907476      6.907495      6.916003      6.916005
                7.661116      7.686973      7.692497      7.714551      8.847315      8.847324
    0.260427    -10.377449     -8.765996     -8.755489     -8.017335     -8.017327     -7.402420     -7.320851     -7.300968     -6.381458     -6.370898
               -5.878160     -5.878137     -5.489073     -5.398913     -5.378907     -4.960205     -4.960205     -4.102736     -4.080015     -4.079954
               -3.824991     -3.822505     -3.752233     -3.703650     -3.703352     -3.108445     -3.108095     -2.948159     -2.947519     -2.898992
               -2.783468     -2.783025     -2.189270     -2.179838     -2.094126     -2.093701     -1.472314     -1.470394      1.663927      1.663939
                1.968389      1.970443      2.401426      2.401439      2.664154      2.664161      3.259434      3.261329      3.284255      3.339453
                3.339472      3.356212      3.515929      3.515938      3.655822      3.655827      4.306620      4.306620      4.379068      4.379077
                4.791678      4.806763      6.299992      6.343407      6.345828      6.406136      6.944379      6.944404      6.953333      6.953339
                7.539319      7.568235      7.573267      7.597204      8.890172      8.890180
    0.292980    -10.419007     -8.613116     -8.601825     -8.051966     -8.051961     -7.526309     -7.508092     -7.427714     -6.280367     -6.269022
               -5.901431     -5.901404     -5.542065     -5.523726     -5.248816     -4.866025     -4.866024     -4.202625     -4.202581     -3.931985
               -3.929843     -3.664320     -3.663952     -3.580816     -3.578235     -3.188702     -3.188438     -3.011507     -2.950648     -2.950109
               -2.612179     -2.611608     -2.353906     -2.346579     -2.097962     -2.097936     -1.625811     -1.623944      1.870622      1.870633
                2.071740      2.073511      2.436413      2.436422      2.622924      2.622931      3.072338      3.072879      3.144762      3.144791
                3.438568      3.499728      3.642481      3.642484      3.744162      3.744165      4.232094      4.232094      4.294137      4.294146
                4.583638      4.602269      6.477811      6.518560      6.521205      6.576592      6.972859      6.972897      6.982687      6.982702
                7.409542      7.441916      7.446491      7.472198      8.923580      8.923587
    0.325533    -10.448761     -8.451572     -8.439411     -8.076752     -8.076750     -7.725515     -7.708785     -7.445795     -6.172811     -6.160594
               -5.918067     -5.918027     -5.679778     -5.662943     -5.011748     -4.766580     -4.766577     -4.322795     -4.322759     -4.127148
               -3.759680     -3.584948     -3.584898     -3.373493     -3.370204     -3.272066     -3.271877     -3.140053     -2.948153     -2.947686
               -2.540175     -2.534499     -2.440345     -2.439632     -2.101013     -2.100969     -1.781023     -1.779337      2.073207      2.073213
                2.196866      2.198346      2.477166      2.477169      2.577319      2.577327      2.888989      2.889639      2.951306      2.951353
                3.608048      3.658714      3.762503      3.762505      3.832202      3.832203      4.153971      4.153972      4.204029      4.204038
                4.378105      4.401036      6.649796      6.686766      6.689643      6.741606      6.992362      6.992437      7.004509      7.004550
                7.272019      7.308712      7.312847      7.339779      8.947482      8.947489
    0.358087    -10.466641     -8.281785     -8.268668     -8.091661     -8.091626     -7.917927     -7.902549     -7.456645     -6.059009     -6.045847
               -5.928084     -5.927974     -5.811690     -5.796238     -4.779307     -4.662174     -4.662165     -4.439800     -4.439763     -4.334980
               -3.593784     -3.510488     -3.510380     -3.354144     -3.354019     -3.281604     -3.159500     -3.155631     -2.945625     -2.945208
               -2.738326     -2.733884     -2.271379     -2.270554     -2.103070     -2.103000     -1.939932     -1.938442      2.265325      2.265337
                2.333445      2.334643      2.516283      2.516412      2.533397      2.533470      2.718424      2.719225      2.766750      2.766851
                3.788365      3.830101      3.874424      3.874436      3.919995      3.920002      4.071807      4.071814      4.110453      4.110460
                4.176635      4.204782      6.815547      6.845686      6.848722      6.900770      7.000619      7.000858      7.020826      7.021000
                7.127010      7.171059      7.174669      7.200216      8.961839      8.961846
    0.390640    -10.472605     -8.110802     -8.103657     -8.103657     -8.089438     -8.089438     -8.082390     -7.460263     -5.945553     -5.938447
               -5.938447     -5.924167     -5.924167     -5.916951     -4.556692     -4.555192     -4.555192     -4.550997     -4.550997     -4.549453
               -3.440279     -3.434103     -3.434103     -3.433124     -3.433124     -3.427319     -2.965918     -2.957427     -2.937642     -2.937642
               -2.933892     -2.933892     -2.111822     -2.111822     -2.110700     -2.110700     -2.088895     -2.086686      2.415066      2.415992
                2.429821      2.429821      2.430875      2.430875      2.609840      2.609840      2.610790      2.610790      2.627208      2.628299
                3.959853      3.959967      3.959967      3.993924      3.993972      3.993972      3.998065      3.998065      3.998167      4.032712
                4.032712      4.032733      6.972903      6.972921      6.975551      6.975551      6.975669      6.975669      7.052955      7.052955
                7.052961      7.052961      7.055325      7.055582      8.966627      8.966634
    0.424470    -10.466164     -8.312317     -8.201149     -8.200394     -7.983154     -7.982052     -7.873138     -7.456356     -6.077836     -6.002438
               -6.001230     -5.854715     -5.853181     -5.777930     -4.755701     -4.754762     -4.551202     -4.545970     -4.355811     -4.354718
               -3.578852     -3.574258     -3.432728     -3.427707     -3.297400     -3.293676     -3.200480     -3.080183     -3.063752     -2.828993
               -2.811115     -2.694591     -2.304872     -2.209223     -2.196988     -2.014034     -1.994128     -1.907590      2.259521      2.269854
                2.280235      2.419730      2.421521      2.475065      2.575266      2.630005      2.635517      2.754586      2.768245      2.781655
                3.804152      3.804232      3.848303      3.848332      3.951405      3.987517      3.993845      4.034959      4.154382      4.154446
                4.185810      4.185828      6.810593      6.810727      6.909600      6.909628      6.935320      6.935365      7.088534      7.088542
                7.110295      7.110325      7.207218      7.207315      8.961456      8.961463
    0.458301    -10.446855     -8.518982     -8.295218     -8.294909     -7.858994     -7.858332     -7.644309     -7.444637     -6.215954     -6.065931
               -6.065378     -5.769624     -5.768724     -5.620575     -4.960634     -4.959766     -4.537748     -4.532448     -4.164082     -4.162912
               -3.725790     -3.719906     -3.460313     -3.423443     -3.418169     -3.205745     -3.190926     -3.165544     -3.161902     -2.712335
               -2.693986     -2.509605     -2.454317     -2.307179     -2.297444     -1.917377     -1.892108     -1.720642      2.054882      2.083425
                2.111633      2.325470      2.370508      2.375415      2.704803      2.712970      2.722653      2.886966      2.989603      3.000375
                3.632378      3.632469      3.694404      3.694438      3.929257      3.962069      3.990138      4.035431      4.328995      4.329053
                4.361260      4.361277      6.622907      6.623112      6.808646      6.808657      6.825909      6.825938      7.173900      7.173902
                7.185564      7.185584      7.373384      7.373456      8.945951      8.945958
    0.492131    -10.414727     -8.717640     -8.378911     -8.378745     -7.725843     -7.725319     -7.425112     -7.408755     -6.347747     -6.122301
               -6.121960     -5.678185     -5.677478     -5.456796     -5.167134     -5.166332     -4.515379     -4.509964     -3.980386     -3.979143
               -3.876849     -3.867429     -3.721915     -3.417981     -3.410955     -3.318467     -3.306623     -3.041761     -3.038043     -2.718295
               -2.606671     -2.587336     -2.407705     -2.397526     -2.222042     -1.820677     -1.787683     -1.544781      1.852837      1.890948
                1.951632      2.179006      2.326685      2.329722      2.796226      2.803451      2.859356      3.013451      3.222294      3.230816
                3.463369      3.463476      3.551187      3.551224      3.897002      3.926747      3.979482      4.029314      4.504976      4.505028
                4.539094      4.539109      6.425363      6.425646      6.697072      6.697073      6.712341      6.712362      7.246345      7.246346
                7.254405      7.254424      7.536225      7.536276      8.920140      8.920148
    0.525962    -10.369861     -8.907626     -8.451938     -8.451839     -7.583914     -7.583453     -7.397787     -7.167199     -6.472733     -6.171365
               -6.171124     -5.580353     -5.579720     -5.374050     -5.373308     -5.287162     -4.484179     -4.478603     -4.043654     -4.015689
               -3.971367     -3.807146     -3.805845     -3.482757     -3.470751     -3.350282     -3.344535     -2.927898     -2.927518     -2.923463
               -2.516455     -2.505134     -2.498497     -2.496318     -2.005903     -1.723292     -1.679575     -1.384158      1.662029      1.712882
                1.792096      2.030944      2.296419      2.298757      2.891462      2.899307      2.990175      3.133214      3.298979      3.299112
                3.419649      3.419850      3.460364      3.466951      3.856001      3.882978      3.960808      4.015490      4.681705      4.681752
                4.717249      4.717264      6.220813      6.221192      6.577031      6.577037      6.592425      6.592441      7.308617      7.308623
                7.314802      7.314824      7.692511      7.692547      8.884070      8.884078
    0.559792    -10.312369     -9.088467     -8.514082     -8.514020     -7.433585     -7.433172     -7.362664     -6.920193     -6.590709     -6.213024
               -6.212840     -5.580342     -5.579655     -5.476297     -5.475682     -5.112009     -4.444286     -4.438501     -4.279038     -4.163676
               -4.153885     -3.647367     -3.646022     -3.595108     -3.583417     -3.322672     -3.317611     -3.136541     -2.825924     -2.821581
               -2.601378     -2.593674     -2.445268     -2.428661     -1.807288     -1.625379     -1.567156     -1.244030      1.488006      1.555991
                1.635971      1.884354      2.282962      2.284814      2.988761      2.997458      3.113093      3.141126      3.141297      3.245487
                3.304681      3.304732      3.698607      3.703958      3.806914      3.831378      3.933935      3.993838      4.858385      4.858427
                4.894476      4.894489      6.010303      6.010800      6.449260      6.449271      6.465810      6.465822      7.361308      7.361320
                7.366221      7.366247      7.841212      7.841238      8.837805      8.837814
    0.593622    -10.242393     -9.259738     -8.565166     -8.565127     -7.319886     -7.275286     -7.274793     -6.701532     -6.668272     -6.247210
               -6.247060     -5.785067     -5.784429     -5.366245     -5.365612     -4.931647     -4.544694     -4.395917     -4.389878     -4.310505
               -4.306076     -3.708348     -3.697503     -3.504750     -3.503406     -3.345679     -3.281511     -3.276465     -2.737832     -2.732915
               -2.695147     -2.688104     -2.394895     -2.380269     -1.631853     -1.528965     -1.451491     -1.130828      1.336747      1.427373
                1.487242      1.742169      2.288198      2.289668      2.990492      2.990736      3.087222      3.096889      3.206004      3.206053
                3.227128      3.349346      3.750225      3.772401      3.899159      3.938330      3.942588      3.964723      5.034135      5.034174
                5.069861      5.069873      5.794477      5.795121      6.314256      6.314271      6.332581      6.332591      7.404547      7.404567
                7.408415      7.408449      7.981798      7.981817      8.781429      8.781439
    0.627453    -10.160106     -9.421042     -8.605048     -8.605023     -7.269240     -7.109485     -7.109028     -6.805084     -6.411972     -6.273879
               -6.273749     -5.987346     -5.986752     -5.250463     -5.249781     -4.814318     -4.746401     -4.455421     -4.452743     -4.339424
               -4.333085     -3.816688     -3.806655     -3.553704     -3.384022     -3.382713     -3.231923     -3.226793     -2.785453     -2.778933
               -2.665588     -2.659858     -2.364385     -2.351894     -1.486175     -1.438720     -1.335936     -1.051530      1.215261      1.334468
                1.351292      1.608211      2.313128      2.314288      2.850541      2.850806      3.126459      3.126512      3.183747      3.194568
                3.330883      3.443378      3.686399      3.706489      3.857428      3.929163      4.177881      4.181270      5.208086      5.208122
                5.242661      5.242671      5.573863      5.574692      6.172475      6.172493      6.192982      6.192991      7.438335      7.438367
                7.441242      7.441287      8.113896      8.113911      8.715049      8.715061
    0.661283    -10.065714     -9.571999     -8.633615     -8.633598     -7.210919     -6.936683     -6.936221     -6.901265     -6.293098     -6.292979
               -6.186269     -6.185715     -6.151837     -5.129257     -5.128491     -5.084533     -4.597692     -4.595846     -4.556615     -4.275700
               -4.269031     -3.917986     -3.908657     -3.759962     -3.290845     -3.289610     -3.175476     -3.170214     -2.871098     -2.864982
               -2.611191     -2.604477     -2.349969     -2.339490     -1.377451     -1.361977     -1.226165     -1.011976      1.131103      1.235168
                1.283568      1.487571      2.357938      2.358847      2.722020      2.722356      3.068066      3.068116      3.278217      3.290285
                3.421530      3.524683      3.615951      3.634191      3.811237      3.889690      4.416484      4.419181      5.348955      5.350013
                5.379423      5.379456      5.412229      5.412238      6.024382      6.024403      6.047334      6.047342      7.462634      7.462687
                7.464609      7.464674      8.237192      8.237209      8.638802      8.638818
    0.695114     -9.959454     -9.712247     -8.650787     -8.650774     -7.144943     -6.989978     -6.757418     -6.756942     -6.382060     -6.381535
               -6.303869     -6.303761     -5.888428     -5.354135     -5.002968     -5.002074     -4.736728     -4.735351     -4.362661     -4.207882
               -4.200917     -4.008524     -3.999717     -3.963879     -3.231396     -3.230239     -3.114689     -3.109241     -2.949481     -2.943703
               -2.576882     -2.569230     -2.345657     -2.336734     -1.312360     -1.307506     -1.129883     -1.014462      1.090718      1.147419
                1.277495      1.386863      2.421881      2.422586      2.607296      2.607730      3.032347      3.032398      3.369421      3.382877
                3.491181      3.539850      3.554585      3.587662      3.767853      3.853157      4.653473      4.655617      5.120251      5.121595
                5.547383      5.547412      5.577987      5.577995      5.870471      5.870496      5.896006      5.896014      7.477384      7.477490
                7.478457      7.478575      8.351337      8.351365      8.552919      8.552948
    0.728944     -9.844498     -9.838540     -8.656516     -8.656505     -7.074169     -7.068333     -6.572411     -6.572144     -6.571926     -6.571634
               -6.307906     -6.307801     -5.622324     -5.622322     -4.871995     -4.871968     -4.870941     -4.870851     -4.164941     -4.164940
               -4.162431     -4.155433     -4.061575     -4.052869     -3.210878     -3.209756     -3.071392     -3.065720     -2.998658     -2.993154
               -2.565050     -2.556983     -2.345177     -2.336870     -1.291489     -1.286954     -1.057799     -1.054593      1.096890      1.097028
                1.314030      1.314111      2.491293      2.491821      2.520867      2.521442      3.020324      3.020374      3.455333      3.457237
                3.470828      3.472021      3.522414      3.612395      3.747159      3.836227      4.888246      4.888250      4.889947      4.889949
                5.711265      5.711286      5.711290      5.711323      5.739110      5.739128      5.739704      5.739706      7.482405      7.482700
                7.482803      7.483111      8.447795      8.448094      8.465621      8.465922
    0.761497     -9.838793     -9.832813     -8.841736     -8.463503     -7.070603     -7.064749     -6.728811     -6.728602     -6.429893     -6.408653
               -6.408273     -6.179646     -5.618803     -5.618802     -4.983877     -4.983822     -4.753299     -4.753235     -4.372036     -4.285443
               -4.162515     -4.162510     -3.956844     -3.836148     -3.235747     -3.210769     -3.209492     -3.168349     -2.905695     -2.828199
               -2.586761     -2.579831     -2.329002     -2.321810     -1.387175     -1.384299     -0.955034     -0.953526      0.982215      0.982298
                1.425758      1.425782      2.455394      2.455520      2.562289      2.562464      3.019387      3.019439      3.251689      3.253141
                3.394379      3.622532      3.677856      3.679236      3.751427      3.970295      4.881853      4.881854      4.889950      4.889950
                5.567441      5.567474      5.603037      5.603046      5.848502      5.848531      5.870179      5.870191      7.322075      7.322634
                7.636055      7.636345      8.442443      8.444105      8.460398      8.461931
    0.794051     -9.821690     -9.815644     -9.018753     -8.263163     -7.059913     -7.054005     -6.878244     -6.878087     -6.545597     -6.238631
               -6.238101     -6.045451     -5.608240     -5.608239     -5.090391     -5.090334     -4.629536     -4.629465     -4.593250     -4.518779
               -4.155232     -4.155226     -3.769248     -3.624649     -3.406003     -3.344263     -3.210513     -3.209331     -2.747998     -2.666851
               -2.640280     -2.634954     -2.293600     -2.287991     -1.543696     -1.541515     -0.781507     -0.780822      0.798103      0.798164
                1.600918      1.600922      2.413443      2.413490      2.619385      2.619487      3.016831      3.016885      3.044995      3.046477
                3.244194      3.473746      3.893970      3.895478      3.935852      4.147679      4.868647      4.868648      4.883812      4.883813
                5.417251      5.417287      5.461646      5.461654      5.978886      5.978917      5.994967      5.994982      7.154950      7.155711
                7.782273      7.782479      8.427613      8.430926      8.445848      8.448861
    0.826604     -9.793229     -9.787072     -9.187154     -8.055961     -7.042328     -7.036456     -7.019820     -7.019815     -6.654818     -6.062527
               -6.061760     -5.905464     -5.590616     -5.590615     -5.190902     -5.190836     -4.820289     -4.755659     -4.500393     -4.500313
               -4.143048     -4.143041     -3.600277     -3.578483     -3.522335     -3.425416     -3.211154     -3.209894     -2.710363     -2.706215
               -2.596259     -2.513190     -2.254552     -2.249859     -1.703746     -1.701605     -0.594033     -0.593657      0.603109      0.603165
                1.781069      1.781091      2.377078      2.377090      2.679740      2.679818      2.844678      2.846232      3.013583      3.013640
                3.109049      3.337290      4.110665      4.112525      4.129077      4.332584      4.849545      4.849545      4.869966      4.869970
                5.260982      5.261023      5.316240      5.316249      6.102214      6.102248      6.113476      6.113496      6.981528      6.982552
                7.920903      7.921051      8.403444      8.408488      8.422137      8.426613
    0.859157     -9.753480     -9.747158     -9.346552     -7.842395     -7.154441     -7.154345     -7.017032     -7.010917     -6.757417     -5.880932
               -5.879761     -5.759864     -5.565834     -5.565834     -5.285338     -5.285237     -5.051181     -4.994653     -4.366229     -4.366136
               -4.125805     -4.125796     -3.752647     -3.701372     -3.453929     -3.241982     -3.214497     -3.213148     -2.788382     -2.784892
               -2.451584     -2.369242     -2.218673     -2.214170     -1.859157     -1.856583     -0.400121     -0.399890      0.403853      0.403913
                1.959801      1.959846      2.347137      2.347158      2.653014      2.654673      2.740071      2.740140      2.993396      3.011886
                3.011947      3.217254      4.324119      4.329411      4.330653      4.522037      4.824762      4.824762      4.846289      4.846296
                5.098941      5.098988      5.169074      5.169084      6.218276      6.218317      6.225474      6.225503      6.802183      6.803545
                8.051609      8.051727      8.369971      8.376902      8.389366      8.395229
    0.891711     -9.702558     -9.695993     -9.496557     -7.622986     -7.280524     -7.280448     -6.984985     -6.978773     -6.853238     -5.695158
               -5.693233     -5.608798     -5.533284     -5.533253     -5.373936     -5.373543     -5.283924     -5.234379     -4.228111     -4.228000
               -4.102665     -4.102650     -3.927056     -3.880496     -3.335277     -3.224561     -3.223077     -3.077999     -2.867639     -2.864544
               -2.315439     -2.236940     -2.190270     -2.184728     -2.006336     -2.002231     -0.201901     -0.201750      0.202286      0.202360
                2.135406      2.135509      2.323921      2.324008      2.472777      2.474568      2.794591      2.794654      2.900504      3.016922
                3.016986      3.116694      4.527602      4.544559      4.545319      4.714367      4.794458      4.794459      4.806448      4.806462
                4.931469      4.931522      5.026667      5.026681      6.326824      6.326882      6.330814      6.330861      6.617320      6.619112
                8.173756      8.173922      8.327272      8.336587      8.347878      8.354811
    0.924264     -9.643719     -9.633687     -9.633687     -7.398320     -7.398320     -7.398230     -6.945822     -6.945822     -6.935900     -5.521614
               -5.521614     -5.519396     -5.482396     -5.477031     -5.477031     -5.451354     -5.451354     -5.448214     -4.101150     -4.100997
               -4.100997     -4.058803     -4.058803     -4.058789     -3.248908     -3.248908     -3.246680     -2.938975     -2.938975     -2.934887
               -2.194449     -2.194449     -2.180504     -2.122086     -2.122086     -2.109907     -0.000411     -0.000411     -0.000299     -0.000299
                2.296217      2.298175      2.311996      2.311996      2.313940      2.313940      2.833128      2.833128      2.833205      3.038375
                3.038375      3.038464      4.731189      4.731217      4.731217      4.757912      4.758727      4.758727      4.759052      4.759771
                4.759771      4.908245      4.908272      4.908272      6.427293      6.427415      6.427415      6.429638      6.429745      6.429745
                8.269972      8.276941      8.276941      8.303230      8.303230      8.310408
