  -4.0000000000000000        11.793780698401473
  -3.9733333333333332        11.809150676736603
  -3.9466666666666668        11.779275614103174
  -3.9199999999999999        11.776167805305292
  -3.8933333333333335        11.859621167865331
  -3.8666666666666667        12.052171150997124
  -3.8399999999999999        12.329468796056323
  -3.8133333333333335        12.628484201864524
  -3.7866666666666666        12.871593202070715
  -3.7599999999999998        12.999242512734698
  -3.7333333333333334        12.997885067004425
  -3.7066666666666666        12.908567377790266
  -3.6800000000000002        12.809873178707837
  -3.6533333333333333        12.783774241415365
  -3.6266666666666665        12.883443730609754
  -3.6000000000000001        13.119376783456444
  -3.5733333333333333        13.466386636741568
  -3.5466666666666669        13.880808298900709
  -3.5200000000000000        14.315118095664488
  -3.4933333333333332        14.726426442921612
  -3.4666666666666668        15.085621311048708
  -3.4399999999999999        15.393385697918287
  -3.4133333333333331        15.695969039524710
  -3.3866666666666667        16.080156193183690
  -3.3599999999999999        16.631328444417868
  -3.3333333333333335        17.365746605580036
  -3.3066666666666666        18.179288591005058
  -3.2800000000000002        18.858701151388516
  -3.2533333333333334        19.164217434868753
  -3.2266666666666666        18.938705024900624
  -3.2000000000000002        18.175620315335127
  -3.1733333333333333        17.009911705314398
  -3.1466666666666665        15.653952731902553
  -3.1200000000000001        14.329886912161136
  -3.0933333333333333        13.228133949195445
  -3.0666666666666664        12.482303244612105
  -3.0400000000000000        12.141242462327888
  -3.0133333333333332        12.146355665727327
  -2.9866666666666664        12.346985107202405
  -2.9600000000000000        12.570744396055884
  -2.9333333333333336        12.718278955258032
  -2.9066666666666667        12.820348447204728
  -2.8799999999999999        13.014306557082875
  -2.8533333333333335        13.453055502286380
  -2.8266666666666667        14.204836088325184
  -2.7999999999999998        15.202580848372705
  -2.7733333333333334        16.263931509644205
  -2.7466666666666666        17.160815510591870
  -2.7199999999999998        17.697737582267223
  -2.6933333333333334        17.765007026634443
  -2.6666666666666670        17.354830744766250
  -2.6399999999999997        16.548297239332658
  -2.6133333333333333        15.488165668999729
  -2.5866666666666669        14.345817508631352
  -2.5600000000000001        13.282979615637062
  -2.5333333333333332        12.412617812118311
  -2.5066666666666668        11.775066376885112
  -2.4800000000000000        11.346269264853508
  -2.4533333333333331        11.075293518124361
  -2.4266666666666667        10.924568567137184
  -2.3999999999999999        10.884454604633325
  -2.3733333333333331        10.956679353733422
  -2.3466666666666667        11.124938777411650
  -2.3200000000000003        11.334939460473963
  -2.2933333333333330        11.495343893637662
  -2.2666666666666666        11.501360244344440
  -2.2400000000000002        11.276081761949834
  -2.2133333333333334        10.813207944091955
  -2.1866666666666665        10.193729099935890
  -2.1600000000000001        9.5571990472250743
  -2.1333333333333333        9.0389526503360429
  -2.1066666666666665        8.7121552353483711
  -2.0800000000000001        8.5692095202303431
  -2.0533333333333332        8.5446426555307902
  -2.0266666666666664        8.5538940621253854
  -2.0000000000000000        8.5229031521389107
  -1.9733333333333332        8.4028232372264497
  -1.9466666666666668        8.1776826448569011
  -1.9199999999999999        7.8697737437821988
  -1.8933333333333335        7.5376385859629771
  -1.8666666666666667        7.2582125938933846
  -1.8399999999999999        7.0924909208709535
  -1.8133333333333335        7.0486626145923843
  -1.7866666666666666        7.0675116434228551
  -1.7599999999999998        7.0487226004699171
  -1.7333333333333334        6.9097239117642948
  -1.7066666666666666        6.6390638540449869
  -1.6800000000000002        6.3038782585288882
  -1.6533333333333333        6.0048645583797056
  -1.6266666666666665        5.8140191357375519
  -1.6000000000000001        5.7407903106518337
  -1.5733333333333333        5.7432804780864855
  -1.5466666666666669        5.7638881853612949
  -1.5200000000000000        5.7576787395049731
  -1.4933333333333332        5.6994480910183354
  -1.4666666666666668        5.5774888786195191
  -1.4399999999999999        5.3879917598868214
  -1.4133333333333336        5.1353264518623707
  -1.3866666666666667        4.8343754830505317
  -1.3599999999999999        4.5102535290754497
  -1.3333333333333335        4.1948237264248958
  -1.3066666666666666        3.9212899861897670
  -1.2799999999999998        3.7168163114600210
  -1.2533333333333334        3.5935875655485274
  -1.2266666666666666        3.5429736804054102
  -1.2000000000000002        3.5397928349858789
  -1.1733333333333333        3.5579301285003195
  -1.1466666666666665        3.5879684739369271
  -1.1200000000000001        3.6429346049283273
  -1.0933333333333333        3.7460857125844100
  -1.0666666666666669        3.9087456728538945
  -1.0400000000000000        4.1140246237580662
  -1.0133333333333332        4.3175444139057362
 -0.98666666666666680        4.4641193013121638
 -0.95999999999999996        4.5096391439784043
 -0.93333333333333313        4.4359138762065617
 -0.90666666666666673        4.2521014071459042
 -0.87999999999999989        3.9851005262093659
 -0.85333333333333350        3.6674912470217773
 -0.82666666666666666        3.3308712031413723
 -0.79999999999999982        3.0053455476213000
 -0.77333333333333343        2.7193984174197841
 -0.74666666666666659        2.4952793397888402
 -0.72000000000000020        2.3419552314552678
 -0.69333333333333336        2.2521710900080896
 -0.66666666666666652        2.2069605483354491
 -0.64000000000000012        2.1840741758785978
 -0.61333333333333329        2.1642518497964924
 -0.58666666666666645        2.1333941036310500
 -0.56000000000000005        2.0836474120896793
 -0.53333333333333321        2.0155442300616229
 -0.50666666666666682        1.9379121445147869
 -0.47999999999999998        1.8607306043953886
 -0.45333333333333314        1.7831181121408506
 -0.42666666666666675        1.6871577155951731
 -0.39999999999999991        1.5467281316312949
 -0.37333333333333352        1.3476894564059534
 -0.34666666666666668        1.1041620696919945
 -0.31999999999999984       0.85751012483663758
 -0.29333333333333345       0.65806914989030929
 -0.26666666666666661       0.54163041818446644
 -0.24000000000000021       0.51400890935816235
 -0.21333333333333337       0.55000181785475055
 -0.18666666666666654       0.60527778442291813
 -0.16000000000000014       0.63510886400424049
 -0.13333333333333330       0.61191419713124784
 -0.10666666666666647       0.53416980241216072
  -8.0000000000000071E-002  0.42339515641293651
  -5.3333333333333233E-002  0.31238069301135779
  -2.6666666666666838E-002  0.23204092414286087
   0.0000000000000000       0.20287942152848254
   2.6666666666666394E-002  0.23188965449463161
   5.3333333333333677E-002  0.31209926899392948
   8.0000000000000071E-002  0.42299962017826942
  0.10666666666666647       0.53359154970281741
  0.13333333333333375       0.61082752940340668
  0.16000000000000014       0.63264768337672195
  0.18666666666666654       0.59970517395621259
  0.21333333333333293       0.53854899011803414
  0.24000000000000021       0.49324609250236839
  0.26666666666666661       0.50865155257278383
  0.29333333333333300       0.61224324730983704
  0.32000000000000028       0.80173577612946734
  0.34666666666666668        1.0442265424813777
  0.37333333333333307        1.2893047450814135
  0.40000000000000036        1.4918034217422629
  0.42666666666666675        1.6320974820303507
  0.45333333333333314        1.7207443273290874
  0.48000000000000043        1.7845007219248512
  0.50666666666666682        1.8453086109326948
  0.53333333333333321        1.9087024468609184
  0.55999999999999961        1.9678399330409653
  0.58666666666666689        2.0147114463301357
  0.61333333333333329        2.0462492465089426
  0.63999999999999968        2.0623818079230372
  0.66666666666666696        2.0633426316114183
  0.69333333333333336        2.0531997582016599
  0.71999999999999975        2.0473850821995958
  0.74666666666666703        2.0751173070139992
  0.77333333333333343        2.1704893765119104
  0.79999999999999982        2.3556737491757169
  0.82666666666666710        2.6270497106840183
  0.85333333333333350        2.9534818995284562
  0.87999999999999989        3.2871269816628716
  0.90666666666666629        3.5792988844709006
  0.93333333333333357        3.7935629671938664
  0.95999999999999996        3.9129981794187207
  0.98666666666666636        3.9412128730413816
   1.0133333333333336        3.8959624837374722
   1.0400000000000000        3.7964352393582739
   1.0666666666666664        3.6525289729437107
   1.0933333333333337        3.4674358233971749
   1.1200000000000001        3.2546548184121593
   1.1466666666666665        3.0543038228972992
   1.1733333333333329        2.9296337545055802
   1.2000000000000002        2.9404605358662681
   1.2266666666666666        3.1116930760626009
   1.2533333333333330        3.4209983246906051
   1.2800000000000002        3.8138338782387518
   1.3066666666666666        4.2314077396488257
   1.3333333333333330        4.6285496595078346
   1.3600000000000003        4.9714162936722506
   1.3866666666666667        5.2263214568484040
   1.4133333333333331        5.3593929947137751
   1.4400000000000004        5.3536097875708801
   1.4666666666666668        5.2286198598599265
   1.4933333333333332        5.0418739069147955
   1.5199999999999996        4.8650116277445719
   1.5466666666666669        4.7525001272438345
   1.5733333333333333        4.7276316191357779
   1.5999999999999996        4.7954014537758605
   1.6266666666666669        4.9661094516759956
   1.6533333333333333        5.2619572381450928
   1.6799999999999997        5.6942365574565237
   1.7066666666666670        6.2287389708462388
   1.7333333333333334        6.7735906285793508
   1.7599999999999998        7.2089327870940210
   1.7866666666666671        7.4430347111377708
   1.8133333333333335        7.4557892617480501
   1.8399999999999999        7.2995803605130947
   1.8666666666666663        7.0608886910582038
   1.8933333333333335        6.8146961813074594
   1.9199999999999999        6.6049561606231473
   1.9466666666666663        6.4595158858132855
   1.9733333333333336        6.4183235134930303
   2.0000000000000000        6.5426895051695366
   2.0266666666666664        6.8890826884285739
   2.0533333333333337        7.4616563095797233
   2.0800000000000001        8.1797206538142770
   2.1066666666666665        8.8909898719836047
   2.1333333333333337        9.4302902670512072
   2.1600000000000001        9.6898091715329411
   2.1866666666666665        9.6583600778433194
   2.2133333333333329        9.4112624122598110
   2.2400000000000002        9.0686300794652901
   2.2666666666666666        8.7564250424166321
   2.2933333333333330        8.5883556506617129
   2.3200000000000003        8.6567799170149513
   2.3466666666666667        9.0107888978578163
   2.3733333333333331        9.6221341243388974
   2.4000000000000004        10.369902639774542
   2.4266666666666667        11.075358140755592
   2.4533333333333331        11.581126845437858
   2.4800000000000004        11.827694767512119
   2.5066666666666668        11.876368117186528
   2.5333333333333332        11.866585931079582
   2.5599999999999996        11.941068955253790
   2.5866666666666669        12.186236357527536
   2.6133333333333333        12.613136789584132
   2.6399999999999997        13.172778574467358
   2.6666666666666670        13.785179004774307
   2.6933333333333334        14.366191997948802
   2.7199999999999998        14.846741710849797
   2.7466666666666670        15.185473390170760
   2.7733333333333334        15.377615505129647
   2.7999999999999998        15.461838368167049
   2.8266666666666671        15.522875374210846
   2.8533333333333335        15.682406300882644
   2.8799999999999999        16.070020789619331
   2.9066666666666663        16.774531377348978
   2.9333333333333336        17.790939205941015
   2.9600000000000000        18.990734805487481
   2.9866666666666664        20.141987113739699
   3.0133333333333336        20.984699195865549
   3.0400000000000000        21.332559665166212
   3.0666666666666664        21.146743502606132
   3.0933333333333337        20.536657610165413
   3.1200000000000001        19.689268671288232
   3.1466666666666665        18.778654439723777
   3.1733333333333329        17.915311519334058
   3.2000000000000002        17.152390460138015
   3.2266666666666666        16.516499114169555
   3.2533333333333330        16.022546338501297
   3.2800000000000002        15.665011787985870
   3.3066666666666666        15.408234668265441
   3.3333333333333330        15.194694128486544
   3.3600000000000003        14.966888406270726
   3.3866666666666667        14.686960339649049
   3.4133333333333331        14.346073427336210
   3.4400000000000004        13.965044304465266
   3.4666666666666668        13.586897009511850
   3.4933333333333332        13.259216640826164
   3.5199999999999996        13.010940997751108
   3.5466666666666669        12.839077318180854
   3.5733333333333333        12.719032155254570
   3.5999999999999996        12.633093932768352
   3.6266666666666669        12.592282761763919
   3.6533333333333333        12.628785818439345
   3.6799999999999997        12.760755458733447
   3.7066666666666670        12.956559027171480
   3.7333333333333334        13.128636529090059
   3.7599999999999998        13.165745194996983
   3.7866666666666671        12.985336962383450
   3.8133333333333335        12.575836004714340
   3.8399999999999999        12.006781220430772
   3.8666666666666663        11.403021484509216
   3.8933333333333335        10.895653080987350
   3.9199999999999999        10.572559427943331
   3.9466666666666663        10.453293107451080
   3.9733333333333336        10.502073801194921
   4.0000000000000000        10.668804306962112
